%YAML:1.0
R: !!opencv-matrix
   rows: 3
   cols: 3
   dt: d
   data: [ 9.9985725248573709e-01, -4.4184178642918230e-03,
       1.6308042042178950e-02, 4.3586771042458325e-03,
       9.9998366693979945e-01, 3.6969970967202347e-03,
       -1.6324110559962905e-02, -3.6253878701101175e-03,
       9.9986018021382239e-01 ]
T: !!opencv-matrix
   rows: 3
   cols: 1
   dt: d
   data: [ -2.4603653844017113e+00, 3.5858245362137511e-02,
       3.2989340915136438e-02 ]
R1: !!opencv-matrix
   rows: 3
   cols: 3
   dt: d
   data: [ 9.9981656415034303e-01, -1.8940213507968689e-02,
       2.8471675180478367e-03, 1.8934755831574362e-02,
       9.9981885523901703e-01, 1.9317686559103832e-03,
       -2.8832398793592418e-03, -1.8775038785198376e-03,
       9.9999408093597453e-01 ]
R2: !!opencv-matrix
   rows: 3
   cols: 3
   dt: d
   data: [ 9.9980396032639429e-01, -1.4571500619668545e-02,
       -1.3405681084857001e-02, 1.4545938815661998e-02,
       9.9989219736729473e-01, -2.0023256412785673e-03,
       1.3433412806465522e-02, 1.8069348891707744e-03,
       9.9990813498374820e-01 ]
P1: !!opencv-matrix
   rows: 3
   cols: 4
   dt: d
   data: [ 4.6904560706542100e+02, 0., 6.2168804168701172e+02, 0., 0.,
       4.6904560706542100e+02, 3.8139304733276367e+02, 0., 0., 0., 1.,
       0. ]
P2: !!opencv-matrix
   rows: 3
   cols: 4
   dt: d
   data: [ 4.6904560706542100e+02, 0., 6.2168804168701172e+02,
       -1.1542498540941046e+03, 0., 4.6904560706542100e+02,
       3.8139304733276367e+02, 0., 0., 0., 1., 0. ]
Q: !!opencv-matrix
   rows: 4
   cols: 4
   dt: d
   data: [ 1., 0., 0., -6.2168804168701172e+02, 0., 1., 0.,
       -3.8139304733276367e+02, 0., 0., 0., 4.6904560706542100e+02, 0.,
       0., 4.0636401676961376e-01, 0. ]
ROI1: [ 165, 162, 969, 413 ]
ROI2: [ 132, 171, 960, 414 ]
