%YAML:1.0
M1: !!opencv-matrix
   rows: 3
   cols: 3
   dt: d
   data: [ 8.8981076518881741e+02, 0., 6.2412614847370810e+02, 0.,
       8.8981076518881741e+02, 3.8047396630148410e+02, 0., 0., 1. ]
D1: !!opencv-matrix
   rows: 1
   cols: 14
   dt: d
   data: [ -4.6413668583846240e-01, 2.4671809457634741e-01, 0., 0., 0.,
       0., 0., 1.0986834656464776e-01, 0., 0., 0., 0., 0., 0. ]
M2: !!opencv-matrix
   rows: 3
   cols: 3
   dt: d
   data: [ 8.8981076518881741e+02, 0., 6.3813270703700607e+02, 0.,
       8.8981076518881741e+02, 3.6386999031508816e+02, 0., 0., 1. ]
D2: !!opencv-matrix
   rows: 1
   cols: 14
   dt: d
   data: [ -4.7790843967960456e-01, 2.7775489739865683e-01, 0., 0., 0.,
       0., 0., 1.3051259454203246e-01, 0., 0., 0., 0., 0., 0. ]
