%YAML:1.0
R: !!opencv-matrix
   rows: 3
   cols: 3
   dt: d
   data: [ 9.9997584455229227e-01, -6.1926829703961113e-03,
       3.1561035404320146e-03, 6.1717689359017123e-03,
       9.9995921505298357e-01, 6.5937469486497449e-03,
       -3.1968078033563644e-03, -6.5741089319507912e-03,
       9.9997328039884104e-01 ]
T: !!opencv-matrix
   rows: 3
   cols: 1
   dt: d
   data: [ -2.4560713608781235e+00, -3.6360962927344362e-03,
       5.1306285045626683e-02 ]
R1: !!opencv-matrix
   rows: 3
   cols: 3
   dt: d
   data: [ 9.9983253924431870e-01, -4.5739579149701969e-03,
       -1.7719265708536911e-02, 4.6328145692668141e-03,
       9.9998388263570881e-01, 3.2819960358676918e-03,
       1.7703968408931320e-02, -3.3635365026625850e-03,
       9.9983761487792155e-01 ]
R2: !!opencv-matrix
   rows: 3
   cols: 3
   dt: d
   data: [ 9.9978078907575141e-01, 1.4801276862763577e-03,
       -2.0884995022747804e-02, -1.5495221798050309e-03,
       9.9999333165842963e-01, -3.3069048501678045e-03,
       2.0879961113042644e-02, 3.3385417035120802e-03,
       9.9977641568663334e-01 ]
P1: !!opencv-matrix
   rows: 3
   cols: 4
   dt: d
   data: [ 4.5410843124335616e+02, 0., 6.3716002655029297e+02, 0., 0.,
       4.5410843124335616e+02, 3.7824945449829102e+02, 0., 0., 0., 1.,
       0. ]
P2: !!opencv-matrix
   rows: 3
   cols: 4
   dt: d
   data: [ 4.5410843124335616e+02, 0., 6.3716002655029297e+02,
       -1.1155672572396206e+03, 0., 4.5410843124335616e+02,
       3.7824945449829102e+02, 0., 0., 0., 1., 0. ]
Q: !!opencv-matrix
   rows: 4
   cols: 4
   dt: d
   data: [ 1., 0., 0., -6.3716002655029297e+02, 0., 1., 0.,
       -3.7824945449829102e+02, 0., 0., 0., 4.5410843124335616e+02, 0.,
       0., 4.0706504094339424e-01, 0. ]
ROI1: [ 178, 162, 956, 411 ]
ROI2: [ 136, 170, 960, 411 ]
