%YAML:1.0
M1: !!opencv-matrix
   rows: 3
   cols: 3
   dt: d
   data: [ 8.6556379449979477e+02, 0., 6.1621587368116400e+02, 0.,
       8.6556379449979477e+02, 3.7926746907919915e+02, 0., 0., 1. ]
D1: !!opencv-matrix
   rows: 1
   cols: 14
   dt: d
   data: [ -4.3789754271401582e-01, 2.2455937596650352e-01, 0., 0., 0.,
       0., 0., 9.5655643768722556e-02, 0., 0., 0., 0., 0., 0. ]
M2: !!opencv-matrix
   rows: 3
   cols: 3
   dt: d
   data: [ 8.6556379449979477e+02, 0., 6.4062498378007353e+02, 0.,
       8.6556379449979477e+02, 3.6123223420927894e+02, 0., 0., 1. ]
D2: !!opencv-matrix
   rows: 1
   cols: 14
   dt: d
   data: [ -4.4888046709818713e-01, 2.4707780795167980e-01, 0., 0., 0.,
       0., 0., 1.1435820953365466e-01, 0., 0., 0., 0., 0., 0. ]
