%YAML:1.0
R: !!opencv-matrix
   rows: 3
   cols: 3
   dt: d
   data: [ 9.9972412159987833e-01, 2.0110408925376687e-03,
       2.3401632547327338e-02, -2.0738850765604790e-03,
       9.9999430768774422e-01, 2.6615019816504967e-03,
       -2.3396146948606911e-02, -2.7093000272489357e-03,
       9.9972260152570402e-01 ]
T: !!opencv-matrix
   rows: 3
   cols: 1
   dt: d
   data: [ -4.7420941539047261e+00, 1.7859699834185640e-02,
       1.4521017072307288e-02 ]
R1: !!opencv-matrix
   rows: 3
   cols: 3
   dt: d
   data: [ 9.9979179683567232e-01, -1.7468260362962322e-03,
       2.0330065885197188e-02, 1.7191071382839844e-03,
       9.9999756897235403e-01, 1.3808403344283098e-03,
       -2.0332428550093123e-02, -1.3456032777162280e-03,
       9.9979236929528237e-01 ]
R2: !!opencv-matrix
   rows: 3
   cols: 3
   dt: d
   data: [ 9.9998821966722384e-01, -3.7661608693007717e-03,
       -3.0621167650045043e-03, 3.7619827955107819e-03,
       9.9999198655258370e-01, -1.3690566326660450e-03,
       3.0672483144106276e-03, 1.3575208741355273e-03,
       9.9999437454660411e-01 ]
P1: !!opencv-matrix
   rows: 3
   cols: 4
   dt: d
   data: [ 5.3760765625785598e+02, 0., 6.6578804779052734e+02, 0., 0.,
       5.3760765625785598e+02, 3.2085787200927734e+02, 0., 0., 0., 1.,
       0. ]
P2: !!opencv-matrix
   rows: 3
   cols: 4
   dt: d
   data: [ 5.3760765625785598e+02, 0., 6.6578804779052734e+02,
       -2.5494161568055124e+03, 0., 5.3760765625785598e+02,
       3.2085787200927734e+02, 0., 0., 0., 1., 0. ]
Q: !!opencv-matrix
   rows: 4
   cols: 4
   dt: d
   data: [ 1., 0., 0., -6.6578804779052734e+02, 0., 1., 0.,
       -3.2085787200927734e+02, 0., 0., 0., 5.3760765625785598e+02, 0.,
       0., 2.1087481336569744e-01, 0. ]
