%YAML:1.0
M1: !!opencv-matrix
   rows: 3
   cols: 3
   dt: d
   data: [ 7.0442391266656500e+02, 0., 6.8608241859720033e+02, 0.,
       7.0442391266656500e+02, 3.2622490497019152e+02, 0., 0., 1. ]
D1: !!opencv-matrix
   rows: 1
   cols: 14
   dt: d
   data: [ -1.6856919151059258e-01, 1.5816416681588608e-02, 0., 0., 0.,
       0., 0., -7.4417335759306086e-03, 0., 0., 0., 0., 0., 0. ]
M2: !!opencv-matrix
   rows: 3
   cols: 3
   dt: d
   data: [ 7.0442391266656500e+02, 0., 6.4938764834784649e+02, 0.,
       7.0442391266656500e+02, 3.2496560554329051e+02, 0., 0., 1. ]
D2: !!opencv-matrix
   rows: 1
   cols: 14
   dt: d
   data: [ -1.6985788173914954e-01, 2.1618724861553491e-02, 0., 0., 0.,
       0., 0., -3.2786990163718296e-03, 0., 0., 0., 0., 0., 0. ]
