%YAML:1.0
R: !!opencv-matrix
   rows: 3
   cols: 3
   dt: d
   data: [ 9.9995830621521431e-01, 1.2065380396177089e-03,
       -9.0515245764887300e-03, -1.1665622686241840e-03,
       9.9998954932817152e-01, 4.4204487231416113e-03,
       9.0567634215124801e-03, -4.4097052508594442e-03,
       9.9994926348086655e-01 ]
T: !!opencv-matrix
   rows: 3
   cols: 1
   dt: d
   data: [ -4.7125789714356294e+00, 3.3661042798534967e-03,
       -1.0118872213748245e-01 ]
R1: !!opencv-matrix
   rows: 3
   cols: 3
   dt: d
   data: [ 9.9992287162629356e-01, 3.9748766428314382e-04,
       1.2413412189389418e-02, -4.2494753783402087e-04,
       9.9999746864221128e-01, 2.2095539730239973e-03,
       -1.2412502496153945e-02, -2.2146586026654462e-03,
       9.9992050937514865e-01 ]
R2: !!opencv-matrix
   rows: 3
   cols: 3
   dt: d
   data: [ 9.9976930033575873e-01, -7.1411593123950551e-04,
       2.1467094460689229e-02, 7.6160533318372133e-04,
       9.9999728094463969e-01, -2.2041008696812737e-03,
       -2.1465462106925872e-02, 2.2199418379798995e-03,
       9.9976712578218541e-01 ]
P1: !!opencv-matrix
   rows: 3
   cols: 4
   dt: d
   data: [ -1.9864475511872512e+04, 0., 2.3576683471679688e+04, 0., 0.,
       -1.9864475511872512e+04, -9.1868244552612305e+02, 0., 0., 0., 1.,
       0. ]
P2: !!opencv-matrix
   rows: 3
   cols: 4
   dt: d
   data: [ -1.9864475511872512e+04, 0., 2.3576683471679688e+04,
       9.3634511026103530e+04, 0., -1.9864475511872512e+04,
       -9.1868244552612305e+02, 0., 0., 0., 1., 0. ]
Q: !!opencv-matrix
   rows: 4
   cols: 4
   dt: d
   data: [ 1., 0., 0., -2.3576683471679688e+04, 0., 1., 0.,
       9.1868244552612305e+02, 0., 0., 0., -1.9864475511872512e+04, 0.,
       0., 2.1214908151049855e-01, 0. ]
