%YAML:1.0
M1: !!opencv-matrix
   rows: 3
   cols: 3
   dt: d
   data: [ 7.0696183215735198e+02, 0., 6.7410062410962701e+02, 0.,
       7.0696183215735198e+02, 3.3074477549367197e+02, 0., 0., 1. ]
D1: !!opencv-matrix
   rows: 1
   cols: 14
   dt: d
   data: [ -1.4280639950898985e-01, -4.6729052589040310e-02, 0., 0., 0.,
       0., 0., 1.1168141615277362e-01, 0., 0., 0., 0., 0., 0. ]
M2: !!opencv-matrix
   rows: 3
   cols: 3
   dt: d
   data: [ 7.0696183215735198e+02, 0., 6.5915065128356321e+02, 0.,
       7.0696183215735198e+02, 3.2850719401968774e+02, 0., 0., 1. ]
D2: !!opencv-matrix
   rows: 1
   cols: 14
   dt: d
   data: [ -1.8744103747788701e-01, 4.5527610058116633e-02, 0., 0., 0.,
       0., 0., 1.4840245458468235e-04, 0., 0., 0., 0., 0., 0. ]
