%YAML:1.0
R: !!opencv-matrix
   rows: 3
   cols: 3
   dt: d
   data: [ 9.9999497669193027e-01, 1.6420327877531117e-03,
       2.7111472165266787e-03, -1.6601557170215849e-03,
       9.9997620388992892e-01, 6.6959343547140695e-03,
       -2.7000877580140169e-03, -6.7004016455241931e-03,
       9.9997390673151454e-01 ]
T: !!opencv-matrix
   rows: 3
   cols: 1
   dt: d
   data: [ -4.7209331487349511e+00, 2.2128785426386393e-02,
       7.7523933967204278e-02 ]
R1: !!opencv-matrix
   rows: 3
   cols: 3
   dt: d
   data: [ 9.9990130692857271e-01, -2.9347736536171265e-03,
       -1.3739123193794313e-02, 2.9807206487130569e-03,
       9.9999002991247388e-01, 3.3249631672930247e-03,
       1.3729228199230939e-02, -3.3655875046646245e-03,
       9.9990008556545373e-01 ]
R2: !!opencv-matrix
   rows: 3
   cols: 3
   dt: d
   data: [ 9.9985421633610039e-01, -4.6866919555716546e-03,
       -1.6418921811005599e-02, 4.6317365568131659e-03,
       9.9998354931432631e-01, -3.3835066411291282e-03,
       1.6434509161840406e-02, 3.3069652607586571e-03,
       9.9985947557112909e-01 ]
P1: !!opencv-matrix
   rows: 3
   cols: 4
   dt: d
   data: [ -8.8533555161424999e+02, 0., -3.5438006347656250e+04, 0., 0.,
       -8.8533555161424999e+02, -4.5340063476562500e+02, 0., 0., 0., 1.,
       0. ]
P2: !!opencv-matrix
   rows: 3
   cols: 4
   dt: d
   data: [ -8.8533555161424999e+02, 0., -3.5438006347656250e+04,
       4.1802193610636150e+03, 0., -8.8533555161424999e+02,
       -4.5340063476562500e+02, 0., 0., 0., 1., 0. ]
Q: !!opencv-matrix
   rows: 4
   cols: 4
   dt: d
   data: [ 1., 0., 0., 3.5438006347656250e+04, 0., 1., 0.,
       4.5340063476562500e+02, 0., 0., 0., -8.8533555161424999e+02, 0.,
       0., 2.1179164898872324e-01, 0. ]
