%YAML:1.0
M1: !!opencv-matrix
   rows: 3
   cols: 3
   dt: d
   data: [ 7.0341891930185636e+02, 0., 6.7182190475664993e+02, 0.,
       7.0341891930185636e+02, 3.3367270265989293e+02, 0., 0., 1. ]
D1: !!opencv-matrix
   rows: 1
   cols: 14
   dt: d
   data: [ -2.2169686393893634e-01, 3.7155345016648489e-01, 0., 0., 0.,
       0., 0., 7.5742794195863172e-01, 0., 0., 0., 0., 0., 0. ]
M2: !!opencv-matrix
   rows: 3
   cols: 3
   dt: d
   data: [ 7.0341891930185636e+02, 0., 6.4860178015587746e+02, 0.,
       7.0341891930185636e+02, 3.2958365307298669e+02, 0., 0., 1. ]
D2: !!opencv-matrix
   rows: 1
   cols: 14
   dt: d
   data: [ -1.8271296409451868e-01, 8.7785312927380732e-02, 0., 0., 0.,
       0., 0., 1.4144472427571281e-01, 0., 0., 0., 0., 0., 0. ]
