%YAML:1.0
R: !!opencv-matrix
   rows: 3
   cols: 3
   dt: d
   data: [ 9.9992908479803377e-01, 1.2970106797645154e-03,
       1.1838206716519225e-02, -1.3470084227855186e-03,
       9.9999020361096791e-01, 4.2164262597457315e-03,
       -1.1832621994951454e-02, -4.2320734151837800e-03,
       9.9992103618802475e-01 ]
T: !!opencv-matrix
   rows: 3
   cols: 1
   dt: d
   data: [ -4.7213169703223281e+00, 4.9932876656464068e-03,
       -1.1750366751330676e-02 ]
R1: !!opencv-matrix
   rows: 3
   cols: 3
   dt: d
   data: [ 9.9989740456846288e-01, 2.2888262418160828e-04,
       1.4322288573975731e-02, -2.5919090314518902e-04,
       9.9999773118786672e-01, 2.1143413146794137e-03,
       -1.4321772143405118e-02, -2.1178365998304059e-03,
       9.9989519531339321e-01 ]
R2: !!opencv-matrix
   rows: 3
   cols: 3
   dt: d
   data: [ 9.9999634371807267e-01, -1.0576009702721692e-03,
       2.4887809614272498e-03, 1.0628652240719091e-03,
       9.9999719891763161e-01, -2.1148225471883430e-03,
       -2.4865373517689218e-03, 2.1174600535351232e-03,
       9.9999466673323811e-01 ]
P1: !!opencv-matrix
   rows: 3
   cols: 4
   dt: d
   data: [ 5.3439092635366626e+02, 0., 6.5195793151855469e+02, 0., 0.,
       5.3439092635366626e+02, 3.2989581298828125e+02, 0., 0., 0., 1.,
       0. ]
P2: !!opencv-matrix
   rows: 3
   cols: 4
   dt: d
   data: [ 5.3439092635366626e+02, 0., 6.5195793151855469e+02,
       -2.5230381743187127e+03, 0., 5.3439092635366626e+02,
       3.2989581298828125e+02, 0., 0., 0., 1., 0. ]
Q: !!opencv-matrix
   rows: 4
   cols: 4
   dt: d
   data: [ 1., 0., 0., -6.5195793151855469e+02, 0., 1., 0.,
       -3.2989581298828125e+02, 0., 0., 0., 5.3439092635366626e+02, 0.,
       0., 2.1180453462538909e-01, 0. ]
