%YAML:1.0
M1: !!opencv-matrix
   rows: 3
   cols: 3
   dt: d
   data: [ 6.9710434183212135e+02, 0., 6.7869289441122862e+02, 0.,
       6.9710434183212135e+02, 3.3200798963504946e+02, 0., 0., 1. ]
D1: !!opencv-matrix
   rows: 1
   cols: 14
   dt: d
   data: [ -1.4729404394630119e-01, -4.3275097516741877e-02, 0., 0., 0.,
       0., 0., -6.1714247547885771e-02, 0., 0., 0., 0., 0., 0. ]
M2: !!opencv-matrix
   rows: 3
   cols: 3
   dt: d
   data: [ 6.9710434183212135e+02, 0., 6.4949185982962422e+02, 0.,
       6.9710434183212135e+02, 3.2992252940882162e+02, 0., 0., 1. ]
D2: !!opencv-matrix
   rows: 1
   cols: 14
   dt: d
   data: [ -1.7285295289599192e-01, 2.5699392092933451e-02, 0., 0., 0.,
       0., 0., -1.3019454249284196e-03, 0., 0., 0., 0., 0., 0. ]
