%YAML:1.0
R: !!opencv-matrix
   rows: 3
   cols: 3
   dt: d
   data: [ 9.9990433779048138e-01, -6.4642713498045956e-03,
       -1.2228183172284145e-02, 6.4966599437887209e-03,
       9.9997548821922821e-01, 2.6108179352391492e-03,
       1.2211006402160669e-02, -2.6900105264274971e-03,
       9.9992182452730483e-01 ]
T: !!opencv-matrix
   rows: 3
   cols: 1
   dt: d
   data: [ -2.3817531726137928e+00, -2.7599875510010159e-02,
       2.0157487065302102e-01 ]
R1: !!opencv-matrix
   rows: 3
   cols: 3
   dt: d
   data: [ 9.9532132618092872e-01, 5.3317409286493828e-03,
       -9.6472950551473036e-02, -5.1872148745824827e-03,
       9.9998501707343357e-01, 1.7488368962208626e-03,
       9.6480829449596378e-02, -1.2402287347252163e-03,
       9.9533407024044118e-01 ]
R2: !!opencv-matrix
   rows: 3
   cols: 3
   dt: d
   data: [ 9.9637133463406924e-01, 1.1546001119613977e-02,
       -8.4325876085988488e-02, -1.1672278248149572e-02,
       9.9993137198355908e-01, -1.0046111561687319e-03,
       8.4308489726844141e-02, 1.9852408476547651e-03,
       9.9643772378345630e-01 ]
P1: !!opencv-matrix
   rows: 3
   cols: 4
   dt: d
   data: [ 3.9204731401247091e+02, 0., 7.1725563812255859e+02, 0., 0.,
       3.9204731401247091e+02, 3.7473257064819336e+02, 0., 0., 0., 1.,
       0. ]
P2: !!opencv-matrix
   rows: 3
   cols: 4
   dt: d
   data: [ 3.9204731401247091e+02, 0., 7.1725563812255859e+02,
       -9.3716057608868709e+02, 0., 3.9204731401247091e+02,
       3.7473257064819336e+02, 0., 0., 0., 1., 0. ]
Q: !!opencv-matrix
   rows: 4
   cols: 4
   dt: d
   data: [ 1., 0., 0., -7.1725563812255859e+02, 0., 1., 0.,
       -3.7473257064819336e+02, 0., 0., 0., 3.9204731401247091e+02, 0.,
       0., 4.1833526080312833e-01, 0. ]
ROI1: [ 252, 187, 842, 361 ]
ROI2: [ 210, 195, 859, 359 ]
