%YAML:1.0
M1: !!opencv-matrix
   rows: 3
   cols: 3
   dt: d
   data: [ 8.5558160605147998e+02, 0., 6.1285753105468439e+02, 0.,
       8.5558160605147998e+02, 3.7259374775673604e+02, 0., 0., 1. ]
D1: !!opencv-matrix
   rows: 1
   cols: 14
   dt: d
   data: [ -4.6369206896445864e-01, 3.0140598572752814e-01, 0., 0., 0.,
       0., 0., 1.5970329364460514e-01, 0., 0., 0., 0., 0., 0. ]
M2: !!opencv-matrix
   rows: 3
   cols: 3
   dt: d
   data: [ 8.5558160605147998e+02, 0., 6.4475887959301406e+02, 0.,
       8.5558160605147998e+02, 3.5947816975219769e+02, 0., 0., 1. ]
D2: !!opencv-matrix
   rows: 1
   cols: 14
   dt: d
   data: [ -4.1696353664935604e-01, 1.6105869917394228e-01, 0., 0., 0.,
       0., 0., 3.8245755193844301e-02, 0., 0., 0., 0., 0., 0. ]
