%YAML:1.0
R: !!opencv-matrix
   rows: 3
   cols: 3
   dt: d
   data: [ 9.9984893172883404e-01, -2.6447799317706505e-03,
       1.7179023832042974e-02, 2.5170934131996284e-03,
       9.9996907984290262e-01, 7.4500737505030102e-03,
       -1.7198196459472844e-02, -7.4057070730086383e-03,
       9.9982467340093695e-01 ]
T: !!opencv-matrix
   rows: 3
   cols: 1
   dt: d
   data: [ -2.4943393370367932e+00, -2.9337475538557239e-02,
       9.1093905113410770e-02 ]
R1: !!opencv-matrix
   rows: 3
   cols: 3
   dt: d
   data: [ 9.9977102613510382e-01, 9.3800348731253296e-03,
       -1.9233050890080906e-02, -9.3090696026903053e-03,
       9.9994954035047834e-01, 3.7759735168051991e-03,
       1.9267499160341393e-02, -3.5960671081474724e-03,
       9.9980789743703269e-01 ]
R2: !!opencv-matrix
   rows: 3
   cols: 3
   dt: d
   data: [ 9.9926477928702861e-01, 1.1752974257986692e-02,
       -3.6493403137236577e-02, -1.1887442235706015e-02,
       9.9992332123700134e-01, -3.4699226875298471e-03,
       3.6449822956202665e-02, 3.9011847502757892e-03,
       9.9932786970243437e-01 ]
P1: !!opencv-matrix
   rows: 3
   cols: 4
   dt: d
   data: [ 3.9154250684382276e+02, 0., 6.5526782226562500e+02, 0., 0.,
       3.9154250684382276e+02, 3.7233037185668945e+02, 0., 0., 0., 1.,
       0. ]
P2: !!opencv-matrix
   rows: 3
   cols: 4
   dt: d
   data: [ 3.9154250684382276e+02, 0., 6.5526782226562500e+02,
       -9.7735845111980586e+02, 0., 3.9154250684382276e+02,
       3.7233037185668945e+02, 0., 0., 0., 1., 0. ]
Q: !!opencv-matrix
   rows: 4
   cols: 4
   dt: d
   data: [ 1., 0., 0., -6.5526782226562500e+02, 0., 1., 0.,
       -3.7233037185668945e+02, 0., 0., 0., 3.9154250684382276e+02, 0.,
       0., 4.0061300579660819e-01, 0. ]
ROI1: [ 234, 183, 856, 365 ]
ROI2: [ 199, 190, 855, 364 ]
