%YAML:1.0
M1: !!opencv-matrix
   rows: 3
   cols: 3
   dt: d
   data: [ 8.4531146136768245e+02, 0., 6.2330203183312437e+02, 0.,
       8.4531146136768245e+02, 3.7396012179831388e+02, 0., 0., 1. ]
D1: !!opencv-matrix
   rows: 1
   cols: 14
   dt: d
   data: [ -4.4649573187700126e-01, 2.4855410790663351e-01, 0., 0., 0.,
       0., 0., 1.1269206889248591e-01, 0., 0., 0., 0., 0., 0. ]
M2: !!opencv-matrix
   rows: 3
   cols: 3
   dt: d
   data: [ 8.4531146136768245e+02, 0., 6.3859850290372424e+02, 0.,
       8.4531146136768245e+02, 3.5833475555459017e+02, 0., 0., 1. ]
D2: !!opencv-matrix
   rows: 1
   cols: 14
   dt: d
   data: [ -4.4464337822546363e-01, 2.6480860107915283e-01, 0., 0., 0.,
       0., 0., 1.3437494450341431e-01, 0., 0., 0., 0., 0., 0. ]
