%YAML:1.0
R: !!opencv-matrix
   rows: 3
   cols: 3
   dt: d
   data: [ 9.9980226893024648e-01, 1.6255263447864175e-03,
       1.9818695871155895e-02, -1.7150582976821250e-03,
       9.9998839796138717e-01, 4.5013906355490987e-03,
       -1.9811148804814882e-02, -4.5344907895664248e-03,
       9.9979345705816292e-01 ]
T: !!opencv-matrix
   rows: 3
   cols: 1
   dt: d
   data: [ -4.7178051129581746e+00, 9.0225943799086532e-03,
       -1.1855879567728897e-02 ]
R1: !!opencv-matrix
   rows: 3
   cols: 3
   dt: d
   data: [ 9.9975077824637915e-01, -2.9830112188664775e-04,
       2.2322464294961479e-02, 2.4763239172132103e-04,
       9.9999738701759422e-01, 2.2725835919515311e-03,
       -2.2323083880990080e-02, -2.2664894494610227e-03,
       9.9974823978420568e-01 ]
R2: !!opencv-matrix
   rows: 3
   cols: 3
   dt: d
   data: [ 9.9999501369013399e-01, -1.9124463970906867e-03,
       2.5129949556466653e-03, 1.9181451674682558e-03,
       9.9999559009180861e-01, -2.2672706173302148e-03,
       -2.5086478400462835e-03, 2.2720796011464085e-03,
       9.9999427215374614e-01 ]
P1: !!opencv-matrix
   rows: 3
   cols: 4
   dt: d
   data: [ 5.4024571506432267e+02, 0., 6.5322268676757812e+02, 0., 0.,
       5.4024571506432267e+02, 3.2717069244384766e+02, 0., 0., 0., 1.,
       0. ]
P2: !!opencv-matrix
   rows: 3
   cols: 4
   dt: d
   data: [ 5.4024571506432267e+02, 0., 6.5322268676757812e+02,
       -2.5487867058245042e+03, 0., 5.4024571506432267e+02,
       3.2717069244384766e+02, 0., 0., 0., 1., 0. ]
Q: !!opencv-matrix
   rows: 4
   cols: 4
   dt: d
   data: [ 1., 0., 0., -6.5322268676757812e+02, 0., 1., 0.,
       -3.2717069244384766e+02, 0., 0., 0., 5.4024571506432267e+02, 0.,
       0., 2.1196191655808216e-01, 0. ]
ROI1: [ 32, 63, 1186, 585 ]
ROI2: [ 49, 62, 1192, 585 ]
