%YAML:1.0
M1: !!opencv-matrix
   rows: 3
   cols: 3
   dt: d
   data: [ 6.9770768264368030e+02, 0., 6.8376112076641027e+02, 0.,
       6.9770768264368030e+02, 3.3086213290907864e+02, 0., 0., 1. ]
D1: !!opencv-matrix
   rows: 1
   cols: 14
   dt: d
   data: [ -1.5841698391866388e-01, -6.2449237980708493e-03, 0., 0., 0.,
       0., 0., -2.3057036903867879e-02, 0., 0., 0., 0., 0., 0. ]
M2: !!opencv-matrix
   rows: 3
   cols: 3
   dt: d
   data: [ 6.9770768264368030e+02, 0., 6.4873372990612052e+02, 0.,
       6.9770768264368030e+02, 3.2853812988294533e+02, 0., 0., 1. ]
D2: !!opencv-matrix
   rows: 1
   cols: 14
   dt: d
   data: [ -1.6253261598439186e-01, 9.3596932699240628e-03, 0., 0., 0.,
       0., 0., -1.0178020388329644e-02, 0., 0., 0., 0., 0., 0. ]
