%YAML:1.0
R: !!opencv-matrix
   rows: 3
   cols: 3
   dt: d
   data: [ 9.9995039056273582e-01, 1.8104130137309110e-03,
       -9.7948363004123472e-03, -1.7561030363981601e-03,
       9.9998305378143892e-01, 5.5505181806093850e-03,
       9.8047190453227576e-03, -5.5330420807577383e-03,
       9.9993662445665765e-01 ]
T: !!opencv-matrix
   rows: 3
   cols: 1
   dt: d
   data: [ -4.7243959513734977e+00, 1.4337417223292823e-02,
       -3.6350200655280850e-02 ]
R1: !!opencv-matrix
   rows: 3
   cols: 3
   dt: d
   data: [ 9.9999695471871131e-01, -1.2668262536285721e-03,
       -2.1179481926536419e-03, 1.2726815508069267e-03,
       9.9999536599622874e-01, 2.7655501692662662e-03,
       2.1144349065135731e-03, -2.7682372209784415e-03,
       9.9999393299545292e-01 ]
R2: !!opencv-matrix
   rows: 3
   cols: 3
   dt: d
   data: [ 9.9996579690962595e-01, -3.0346581842321443e-03,
       7.6938846236226091e-03, 3.0559349268717358e-03,
       9.9999153513275474e-01, -2.7551632545545377e-03,
       -7.6854585171913410e-03, 2.7785810302013931e-03,
       9.9996660604984156e-01 ]
P1: !!opencv-matrix
   rows: 3
   cols: 4
   dt: d
   data: [ -2.9609288167069903e+04, 0., 2.8157604938507080e+04, 0., 0.,
       -2.9609288167069903e+04, -1.1669484989166260e+04, 0., 0., 0., 1.,
       0. ]
P2: !!opencv-matrix
   rows: 3
   cols: 4
   dt: d
   data: [ -2.9609288167069903e+04, 0., 2.8157604938507080e+04,
       1.3989078583674668e+05, 0., -2.9609288167069903e+04,
       -1.1669484989166260e+04, 0., 0., 0., 1., 0. ]
Q: !!opencv-matrix
   rows: 4
   cols: 4
   dt: d
   data: [ 1., 0., 0., -2.8157604938507080e+04, 0., 1., 0.,
       1.1669484989166260e+04, 0., 0., 0., -2.9609288167069903e+04, 0.,
       0., 2.1166003171662859e-01, 0. ]
