%YAML:1.0
M1: !!opencv-matrix
   rows: 3
   cols: 3
   dt: d
   data: [ 7.0460655585644884e+02, 0., 6.7375465178488571e+02, 0.,
       7.0460655585644884e+02, 3.3829362517264678e+02, 0., 0., 1. ]
D1: !!opencv-matrix
   rows: 1
   cols: 14
   dt: d
   data: [ -1.9290174029344170e-01, 5.6270028649693167e-02, 0., 0., 0.,
       0., 0., 5.1220769982616980e-02, 0., 0., 0., 0., 0., 0. ]
M2: !!opencv-matrix
   rows: 3
   cols: 3
   dt: d
   data: [ 7.0460655585644884e+02, 0., 6.5937207440378393e+02, 0.,
       7.0460655585644884e+02, 3.3519101253558659e+02, 0., 0., 1. ]
D2: !!opencv-matrix
   rows: 1
   cols: 14
   dt: d
   data: [ -1.7647663277569811e-01, -9.0726758806347133e-02, 0., 0., 0.,
       0., 0., -3.7316457935561692e-01, 0., 0., 0., 0., 0., 0. ]
