%YAML:1.0
R: !!opencv-matrix
   rows: 3
   cols: 3
   dt: d
   data: [ 9.9983573065831410e-01, 1.8709700140619400e-03,
       1.8028066179202055e-02, -1.9539745590161830e-03,
       9.9998756755407159e-01, 4.5876705105906022e-03,
       -1.8019258652284379e-02, -4.6221432796383745e-03,
       9.9982695608246364e-01 ]
T: !!opencv-matrix
   rows: 3
   cols: 1
   dt: d
   data: [ -4.7168925314122401e+00, 1.0923679939930792e-02,
       2.9526514440668651e-02 ]
R1: !!opencv-matrix
   rows: 3
   cols: 3
   dt: d
   data: [ 9.9993077966031529e-01, -4.1592216805639751e-04,
       1.1758524425461506e-02, 3.8875842927757725e-04,
       9.9999725101104575e-01, 2.3123229089062856e-03,
       -1.1759453847765266e-02, -2.3075916236427966e-03,
       9.9992819255489573e-01 ]
R2: !!opencv-matrix
   rows: 3
   cols: 3
   dt: d
   data: [ 9.9997772696801646e-01, -2.3158120656045795e-03,
       -6.2595992168888821e-03, 2.3013461494011526e-03,
       9.9999466715083385e-01, -2.3172129366148182e-03,
       6.2649320650676049e-03, 2.3027558207023959e-03,
       9.9997772372280891e-01 ]
P1: !!opencv-matrix
   rows: 3
   cols: 4
   dt: d
   data: [ 5.4700311716188708e+02, 0., 6.6205976867675781e+02, 0., 0.,
       5.4700311716188708e+02, 3.2677388763427734e+02, 0., 0., 0., 1.,
       0. ]
P2: !!opencv-matrix
   rows: 3
   cols: 4
   dt: d
   data: [ 5.4700311716188708e+02, 0., 6.6205976867675781e+02,
       -2.5802123871531435e+03, 0., 5.4700311716188708e+02,
       3.2677388763427734e+02, 0., 0., 0., 1., 0. ]
Q: !!opencv-matrix
   rows: 4
   cols: 4
   dt: d
   data: [ 1., 0., 0., -6.6205976867675781e+02, 0., 1., 0.,
       -3.2677388763427734e+02, 0., 0., 0., 5.4700311716188708e+02, 0.,
       0., 2.1199926017153131e-01, 0. ]
