%YAML:1.0
M1: !!opencv-matrix
   rows: 3
   cols: 3
   dt: d
   data: [ 7.0128053453618656e+02, 0., 6.8441373161235265e+02, 0.,
       7.0128053453618656e+02, 3.2885670657727542e+02, 0., 0., 1. ]
D1: !!opencv-matrix
   rows: 1
   cols: 14
   dt: d
   data: [ -1.5561250282581399e-01, -2.6091384411109801e-02, 0., 0., 0.,
       0., 0., -5.3669729042867438e-02, 0., 0., 0., 0., 0., 0. ]
M2: !!opencv-matrix
   rows: 3
   cols: 3
   dt: d
   data: [ 7.0128053453618656e+02, 0., 6.5042094679785839e+02, 0.,
       7.0128053453618656e+02, 3.2618497791256135e+02, 0., 0., 1. ]
D2: !!opencv-matrix
   rows: 1
   cols: 14
   dt: d
   data: [ -1.6112108559808155e-01, 8.0209686790571298e-03, 0., 0., 0.,
       0., 0., -1.1194294996767530e-02, 0., 0., 0., 0., 0., 0. ]
