%YAML:1.0
R: !!opencv-matrix
   rows: 3
   cols: 3
   dt: d
   data: [ 9.9994668848325963e-01, 1.3169417059593813e-03,
       1.0241379589975948e-02, -1.3429565256849439e-03,
       9.9999588839374420e-01, 2.5337054636094766e-03,
       -1.0238000739059915e-02, -2.5473241154806117e-03,
       9.9994434569165780e-01 ]
T: !!opencv-matrix
   rows: 3
   cols: 1
   dt: d
   data: [ -4.7232494306054296e+00, 6.2308978545306095e-03,
       -5.6120254023173805e-03 ]
R1: !!opencv-matrix
   rows: 3
   cols: 3
   dt: d
   data: [ 9.9993471970679249e-01, -5.2768081520840053e-06,
       1.1426123448212176e-02, -9.2809678564529882e-06,
       9.9999918838687074e-01, 1.2740249068276760e-03,
       -1.1426120897405386e-02, -1.2740477835926503e-03,
       9.9993390809767180e-01 ]
R2: !!opencv-matrix
   rows: 3
   cols: 3
   dt: d
   data: [ 9.9999842398846983e-01, -1.3191952121325418e-03,
       1.1881685776160052e-03, 1.3207079367122010e-03,
       9.9999831725175559e-01, -1.2732730276228512e-03,
       -1.1864868825456404e-03, 1.2748402446004893e-03,
       9.9999848351446430e-01 ]
P1: !!opencv-matrix
   rows: 3
   cols: 4
   dt: d
   data: [ 5.2268994353407072e+02, 0., 6.5800951385498047e+02, 0., 0.,
       5.2268994353407072e+02, 3.2771169662475586e+02, 0., 0., 0., 1.,
       0. ]
P2: !!opencv-matrix
   rows: 3
   cols: 4
   dt: d
   data: [ 5.2268994353407072e+02, 0., 6.5800951385498047e+02,
       -2.4687988690359675e+03, 0., 5.2268994353407072e+02,
       3.2771169662475586e+02, 0., 0., 0., 1., 0. ]
Q: !!opencv-matrix
   rows: 4
   cols: 4
   dt: d
   data: [ 1., 0., 0., -6.5800951385498047e+02, 0., 1., 0.,
       -3.2771169662475586e+02, 0., 0., 0., 5.2268994353407072e+02, 0.,
       0., 2.1171831779806918e-01, 0. ]
ROI1: [ 48, 71, 1156, 566 ]
ROI2: [ 64, 70, 1166, 567 ]
