%YAML:1.0
M1: !!opencv-matrix
   rows: 3
   cols: 3
   dt: d
   data: [ 6.9839962222289171e+02, 0., 6.7716649556046343e+02, 0.,
       6.9839962222289171e+02, 3.3114776450497914e+02, 0., 0., 1. ]
D1: !!opencv-matrix
   rows: 1
   cols: 14
   dt: d
   data: [ -1.6494678599732532e-01, -5.4989159733155671e-03, 0., 0., 0.,
       0., 0., -2.4558235588613069e-02, 0., 0., 0., 0., 0., 0. ]
M2: !!opencv-matrix
   rows: 3
   cols: 3
   dt: d
   data: [ 6.9839962222289171e+02, 0., 6.4919411341739965e+02, 0.,
       6.9839962222289171e+02, 3.3015937543824987e+02, 0., 0., 1. ]
D2: !!opencv-matrix
   rows: 1
   cols: 14
   dt: d
   data: [ -1.7718227606419440e-01, 2.5798873531043192e-02, 0., 0., 0.,
       0., 0., -1.1560611844813162e-03, 0., 0., 0., 0., 0., 0. ]
