%YAML:1.0
R: !!opencv-matrix
   rows: 3
   cols: 3
   dt: d
   data: [ 9.9981203400174778e-01, -8.0722405753568642e-03,
       1.7627694046060349e-02, 8.1561445279291871e-03,
       9.9995572514822439e-01, -4.6930853101401684e-03,
       -1.7589029868855188e-02, 4.8359771900087518e-03,
       9.9983360583293568e-01 ]
T: !!opencv-matrix
   rows: 3
   cols: 1
   dt: d
   data: [ -2.6414841643879914e+00, 1.6698007297303885e-01,
       -3.0400218432204123e-02 ]
R1: !!opencv-matrix
   rows: 3
   cols: 3
   dt: d
   data: [ 9.9703799208621524e-01, -7.1081695057125541e-02,
       2.9370648009432641e-02, 7.1144047324359069e-02,
       9.9746546485662668e-01, -1.0821038133959899e-03,
       -2.9219289296585113e-02, 3.1684453852673647e-03,
       9.9956800373303401e-01 ]
R2: !!opencv-matrix
   rows: 3
   cols: 3
   dt: d
   data: [ 9.9794210818478735e-01, -6.3084400919045963e-02,
       1.1485080425814529e-02, 6.3059818469604720e-02,
       9.9800664175880882e-01, 2.4904417048544594e-03,
       -1.1619294569071533e-02, -1.7610695584930772e-03,
       9.9993094292942397e-01 ]
P1: !!opencv-matrix
   rows: 3
   cols: 4
   dt: d
   data: [ 4.3843279438593220e+02, 0., 5.8156221008300781e+02, 0., 0.,
       4.3843279438593220e+02, 3.7696298217773438e+02, 0., 0., 0., 1.,
       0. ]
P2: !!opencv-matrix
   rows: 3
   cols: 4
   dt: d
   data: [ 4.3843279438593220e+02, 0., 5.8156221008300781e+02,
       -1.1605014699954622e+03, 0., 4.3843279438593220e+02,
       3.7696298217773438e+02, 0., 0., 0., 1., 0. ]
Q: !!opencv-matrix
   rows: 4
   cols: 4
   dt: d
   data: [ 1., 0., 0., -5.8156221008300781e+02, 0., 1., 0.,
       -3.7696298217773438e+02, 0., 0., 0., 4.3843279438593220e+02, 0.,
       0., 3.7779598365148692e-01, 0. ]
ROI1: [ 197, 175, 878, 374 ]
ROI2: [ 153, 186, 884, 377 ]
