%YAML:1.0
M1: !!opencv-matrix
   rows: 3
   cols: 3
   dt: d
   data: [ 8.9962044819514210e+02, 0., 6.1834578635413686e+02, 0.,
       8.9962044819514210e+02, 3.8109260581173396e+02, 0., 0., 1. ]
D1: !!opencv-matrix
   rows: 1
   cols: 14
   dt: d
   data: [ -4.3993426770210625e-01, 2.0001061213827695e-01, 0., 0., 0.,
       0., 0., 7.2688240012087083e-02, 0., 0., 0., 0., 0., 0. ]
M2: !!opencv-matrix
   rows: 3
   cols: 3
   dt: d
   data: [ 8.9962044819514210e+02, 0., 6.3787478953387995e+02, 0.,
       8.9962044819514210e+02, 3.6472034706756193e+02, 0., 0., 1. ]
D2: !!opencv-matrix
   rows: 1
   cols: 14
   dt: d
   data: [ -4.7803260211333920e-01, 2.7996882018810854e-01, 0., 0., 0.,
       0., 0., 1.3845903522071615e-01, 0., 0., 0., 0., 0., 0. ]
